<?xml version="1.0" encoding="utf-8"?>
<COLLADA xmlns="http://www.collada.org/2005/11/COLLADASchema" version="1.4.1">
  <asset>
    <contributor>
      <author>Mixamo</author>
      <authoring_tool>COLLADA Mixamo exporter</authoring_tool>
      <comments/>
    </contributor>
    <created>2026-03-18T11:11:04Z</created>
    <modified>2026-03-18T11:11:04Z</modified>
    <revision/>
    <title/>
    <unit meter="0.010000"/>
    <up_axis>Y_UP</up_axis>
  </asset>
  <library_animations>
    <animation id="mixamorig_Hips-anim" name="mixamorig_Hips">
      <source id="mixamorig_Hips-Matrix-animation-input">
        <float_array id="mixamorig_Hips-Matrix-animation-input-array" count="52">

0.000000 0.033333 0.066667 0.100000 0.133333 0.166667 0.200000 0.233333 0.266667 0.300000 0.333333 0.366667 0.400000 0.433333 0.466667 0.500000
0.533333 0.566667 0.600000 0.633333 0.666667 0.700000 0.733333 0.766667 0.800000 0.833333 0.866667 0.900000 0.933333 0.966667 1.000000 1.033333
1.066667 1.100000 1.133333 1.166667 1.200000 1.233333 1.266667 1.300000 1.333333 1.366667 1.400000 1.433333 1.466667 1.500000 1.533333 1.566667
1.600000 1.633333 1.666667 1.700000</float_array>
        <technique_common>
          <accessor source="#mixamorig_Hips-Matrix-animation-input-array" count="52">
            <param name="TIME" type="float"/>
          </accessor>
        </technique_common>
      </source>
      <source id="mixamorig_Hips-Matrix-animation-output-transform">
        <float_array id="mixamorig_Hips-Matrix-animation-output-transform-array" count="832">

0.982279 -0.024979 -0.185751 -1.036619 -0.044544 0.931569 -0.360825 35.527447 0.182053 0.362705 0.913949 -2.472342 0.000000 0.000000 0.000000 1.000000
0.990141 -0.026466 -0.137549 -1.092491 -0.025686 0.931028 -0.364042 35.778858 0.137696 0.363987 0.921170 -2.440678 0.000000 0.000000 0.000000 1.000000
0.996270 -0.029291 -0.081167 -1.201716 -0.003107 0.927838 -0.372970 35.996281 0.086234 0.371831 0.924287 -2.327478 0.000000 0.000000 0.000000 1.000000
0.999627 -0.026148 -0.007871 -1.373454 0.021075 0.922039 -0.386523 36.157116 0.017364 0.386213 0.922246 -2.080217 0.000000 0.000000 0.000000 1.000000
0.996139 -0.017525 0.086026 -1.620391 0.050861 0.913885 -0.402775 36.230888 -0.071560 0.405595 0.911248 -1.767657 0.000000 0.000000 0.000000 1.000000
0.980956 -0.010482 0.193946 -1.934039 0.092021 0.904444 -0.416548 36.075062 -0.171047 0.426463 0.888185 -1.499424 0.000000 0.000000 0.000000 1.000000
0.954486 -0.004390 0.298224 -2.244048 0.136362 0.895691 -0.423252 35.704155 -0.265259 0.444654 0.855523 -1.323894 0.000000 0.000000 0.000000 1.000000
0.925053 0.002918 0.379826 -2.496203 0.170827 0.889938 -0.422880 35.303089 -0.339256 0.456071 0.822742 -1.295718 0.000000 0.000000 0.000000 1.000000
0.901762 0.006997 0.432176 -2.748225 0.191977 0.889350 -0.414972 34.916248 -0.387260 0.457174 0.800639 -1.381584 0.000000 0.000000 0.000000 1.000000
0.887776 0.005489 0.460244 -3.013711 0.204186 0.891456 -0.404492 34.564426 -0.412508 0.453073 0.790292 -1.556130 0.000000 0.000000 0.000000 1.000000
0.882733 0.002208 0.469871 -3.206224 0.210853 0.891790 -0.400314 34.322063 -0.419910 0.452444 0.786747 -1.741239 0.000000 0.000000 0.000000 1.000000
0.884812 0.002057 0.465945 -3.308502 0.209687 0.891251 -0.402122 34.159637 -0.416101 0.453505 0.788158 -1.908457 0.000000 0.000000 0.000000 1.000000
0.891803 0.003776 0.452409 -3.363604 0.202158 0.891261 -0.405939 33.988781 -0.404747 0.453476 0.794065 -2.068521 0.000000 0.000000 0.000000 1.000000
0.902178 0.004383 0.431341 -3.411002 0.192140 0.891191 -0.410928 33.824821 -0.386208 0.453608 0.803171 -2.244322 0.000000 0.000000 0.000000 1.000000
0.912293 0.004686 0.409510 -3.447324 0.182185 0.890900 -0.416061 33.695213 -0.366782 0.454176 0.811908 -2.420392 0.000000 0.000000 0.000000 1.000000
0.921807 0.006527 0.387594 -3.473482 0.170622 0.890967 -0.420791 33.581448 -0.348080 0.454020 0.820187 -2.579240 0.000000 0.000000 0.000000 1.000000
0.933179 0.009313 0.359292 -3.505638 0.154681 0.891942 -0.424869 33.475887 -0.324424 0.452055 0.830901 -2.727970 0.000000 0.000000 0.000000 1.000000
0.945384 0.012899 0.325705 -3.532945 0.135306 0.893535 -0.428121 33.397678 -0.296551 0.448809 0.842988 -2.871464 0.000000 0.000000 0.000000 1.000000
0.956421 0.019060 0.291369 -3.546842 0.114126 0.894088 -0.433106 33.371677 -0.268765 0.447485 0.852950 -2.985698 0.000000 0.000000 0.000000 1.000000
0.966459 0.025513 0.255552 -3.561949 0.092889 0.892964 -0.440440 33.412575 -0.239436 0.449405 0.860643 -3.058232 0.000000 0.000000 0.000000 1.000000
0.976567 0.031830 0.212845 -3.553488 0.068338 0.891953 -0.446934 33.445210 -0.204074 0.451006 0.868877 -3.188220 0.000000 0.000000 0.000000 1.000000
0.985809 0.038615 0.163367 -3.490157 0.039615 0.892180 -0.449940 33.421761 -0.163127 0.450027 0.877989 -3.419339 0.000000 0.000000 0.000000 1.000000
0.992671 0.043693 0.112669 -3.393950 0.011577 0.893676 -0.448563 33.396118 -0.120289 0.446580 0.886621 -3.649203 0.000000 0.000000 0.000000 1.000000
0.996962 0.045971 0.062869 -3.308516 -0.013271 0.895684 -0.444494 33.452820 -0.076745 0.442309 0.893573 -3.719203 0.000000 0.000000 0.000000 1.000000
0.998886 0.044944 0.014396 -3.266633 -0.034018 0.897134 -0.440447 33.608570 -0.032711 0.439466 0.897663 -3.624499 0.000000 0.000000 0.000000 1.000000
0.998809 0.040896 -0.026616 -3.273670 -0.048432 0.897312 -0.438731 33.823078 0.005940 0.439498 0.898224 -3.409696 0.000000 0.000000 0.000000 1.000000
0.998040 0.035152 -0.051772 -3.329689 -0.054386 0.896466 -0.439762 34.070286 0.030953 0.441715 0.896621 -3.094374 0.000000 0.000000 0.000000 1.000000
0.997815 0.029217 -0.059266 -3.409563 -0.052482 0.895375 -0.442209 34.365158 0.040145 0.444353 0.894952 -2.761671 0.000000 0.000000 0.000000 1.000000
0.998116 0.022827 -0.056949 -3.471000 -0.045862 0.894154 -0.445405 34.629101 0.040753 0.447178 0.893516 -2.456793 0.000000 0.000000 0.000000 1.000000
0.998161 0.017591 -0.058016 -3.485287 -0.041856 0.892251 -0.449595 34.790833 0.043856 0.451197 0.891346 -2.137651 0.000000 0.000000 0.000000 1.000000
0.997369 0.015892 -0.070734 -3.454204 -0.046437 0.889285 -0.454990 34.899433 0.055672 0.457077 0.887683 -1.785113 0.000000 0.000000 0.000000 1.000000
0.995189 0.016807 -0.096518 -3.375115 -0.059572 0.885935 -0.459968 34.948822 0.077778 0.463505 0.882674 -1.447162 0.000000 0.000000 0.000000 1.000000
0.991336 0.017543 -0.130176 -3.257244 -0.076325 0.883493 -0.462185 34.855396 0.106902 0.468116 0.877177 -1.183933 0.000000 0.000000 0.000000 1.000000
0.986316 0.016182 -0.164069 -3.113384 -0.090640 0.884499 -0.457653 34.602840 0.137713 0.466262 0.873862 -1.064895 0.000000 0.000000 0.000000 1.000000
0.980339 0.013128 -0.196886 -2.937376 -0.101014 0.890517 -0.443595 34.252041 0.169506 0.454761 0.874334 -1.095611 0.000000 0.000000 0.000000 1.000000
0.972461 0.010691 -0.232819 -2.728993 -0.111369 0.898834 -0.423903 33.928658 0.204734 0.438158 0.875272 -1.313927 0.000000 0.000000 0.000000 1.000000
0.961906 0.009947 -0.273199 -2.508424 -0.124937 0.904869 -0.406944 33.754635 0.243162 0.425574 0.871641 -1.674233 0.000000 0.000000 0.000000 1.000000
0.949975 0.009231 -0.312189 -2.288423 -0.140357 0.905562 -0.400322 33.662422 0.279011 0.424114 0.861557 -1.955344 0.000000 0.000000 0.000000 1.000000
0.940853 0.007776 -0.338727 -2.078658 -0.152180 0.902918 -0.401971 33.579956 0.302717 0.429743 0.850696 -2.134196 0.000000 0.000000 0.000000 1.000000
0.937334 0.005256 -0.348391 -1.912074 -0.154123 0.903002 -0.401041 33.544594 0.312490 0.429605 0.847225 -2.326216 0.000000 0.000000 0.000000 1.000000
0.938369 0.000706 -0.345635 -1.786212 -0.146462 0.906591 -0.395780 33.532700 0.313070 0.422010 0.850820 -2.535143 0.000000 0.000000 0.000000 1.000000
0.942061 -0.004760 -0.335408 -1.708185 -0.134882 0.910126 -0.391761 33.542732 0.307129 0.414304 0.856752 -2.743424 0.000000 0.000000 0.000000 1.000000
0.947608 -0.010650 -0.319259 -1.650770 -0.121324 0.912552 -0.390549 33.616600 0.295500 0.408821 0.863449 -2.917210 0.000000 0.000000 0.000000 1.000000
0.954413 -0.018157 -0.297938 -1.606444 -0.104482 0.914680 -0.390440 33.787693 0.279607 0.403770 0.871085 -3.044547 0.000000 0.000000 0.000000 1.000000
0.960908 -0.026317 -0.275613 -1.597833 -0.086365 0.917309 -0.388697 33.951851 0.263052 0.397305 0.879177 -3.238230 0.000000 0.000000 0.000000 1.000000
0.965754 -0.032872 -0.257369 -1.597957 -0.070971 0.920644 -0.383898 34.088615 0.249565 0.389016 0.886783 -3.433856 0.000000 0.000000 0.000000 1.000000
0.969391 -0.036151 -0.242848 -1.550440 -0.059876 0.924429 -0.376624 34.282242 0.238111 0.379636 0.893968 -3.458488 0.000000 0.000000 0.000000 1.000000
0.972613 -0.036661 -0.229520 -1.452153 -0.052113 0.927946 -0.369053 34.513885 0.226512 0.370907 0.900622 -3.364098 0.000000 0.000000 0.000000 1.000000
0.975400 -0.036293 -0.217436 -1.356430 -0.046678 0.929985 -0.364622 34.732548 0.215446 0.365802 0.905413 -3.249031 0.000000 0.000000 0.000000 1.000000
0.977614 -0.034121 -0.207622 -1.268664 -0.044857 0.930280 -0.364098 34.952446 0.205569 0.365260 0.907924 -3.088693 0.000000 0.000000 0.000000 1.000000
0.979525 -0.029640 -0.199128 -1.150116 -0.045783 0.930390 -0.363701 35.231564 0.196047 0.365371 0.909983 -2.784636 0.000000 0.000000 0.000000 1.000000
0.982279 -0.024978 -0.185751 -1.036618 -0.044544 0.931569 -0.360825 35.527435 0.182053 0.362705 0.913949 -2.472342 0.000000 0.000000 0.000000 1.000000</float_array>
        <technique_common>
          <accessor source="#mixamorig_Hips-Matrix-animation-output-transform-array" count="52" stride="16">
            <param type="float4x4"/>
          </accessor>
        </technique_common>
      </source>
      <source id="mixamorig_Hips-Interpolations">
        <Name_array id="mixamorig_Hips-Interpolations-array" count="52">
 LINEAR LINEAR LINEAR LINEAR LINEAR LINEAR LINEAR LINEAR LINEAR LINEAR LINEAR
LINEAR LINEAR LINEAR LINEAR LINEAR LINEAR LINEAR LINEAR LINEAR LINEAR LINEAR LINEAR
LINEAR LINEAR LINEAR LINEAR LINEAR LINEAR LINEAR LINEAR LINEAR LINEAR LINEAR LINEAR
LINEAR LINEAR LINEAR LINEAR LINEAR LINEAR LINEAR LINEAR LINEAR LINEAR LINEAR LINEAR
LINEAR LINEAR LINEAR LINEAR LINEAR</Name_array>
        <technique_common>
          <accessor source="#mixamorig_Hips-Interpolations-array" count="52">
            <param type="name"/>
          </accessor>
        </technique_common>
      </source>
      <sampler id="mixamorig_Hips-Matrix-animation-transform">
        <input semantic="INPUT" source="#mixamorig_Hips-Matrix-animation-input"/>
        <input semantic="OUTPUT" source="#mixamorig_Hips-Matrix-animation-output-transform"/>
        <input semantic="INTERPOLATION" source="#mixamorig_Hips-Interpolations"/>
      </sampler>
      <channel source="#mixamorig_Hips-Matrix-animation-transform" target="mixamorig_Hips/matrix"/>
    </animation>
    <animation id="mixamorig_Spine-anim" name="mixamorig_Spine">
      <source id="mixamorig_Spine-Matrix-animation-input">
        <float_array id="mixamorig_Spine-Matrix-animation-input-array" count="52">

0.000000 0.033333 0.066667 0.100000 0.133333 0.166667 0.200000 0.233333 0.266667 0.300000 0.333333 0.366667 0.400000 0.433333 0.466667 0.500000
0.533333 0.566667 0.600000 0.633333 0.666667 0.700000 0.733333 0.766667 0.800000 0.833333 0.866667 0.900000 0.933333 0.966667 1.000000 1.033333
1.066667 1.100000 1.133333 1.166667 1.200000 1.233333 1.266667 1.300000 1.333333 1.366667 1.400000 1.433333 1.466667 1.500000 1.533333 1.566667
1.600000 1.633333 1.666667 1.700000</float_array>
        <technique_common>
          <accessor source="#mixamorig_Spine-Matrix-animation-input-array" count="52">
            <param name="TIME" type="float"/>
          </accessor>
        </technique_common>
      </source>
      <source id="mixamorig_Spine-Matrix-animation-output-transform">
        <float_array id="mixamorig_Spine-Matrix-animation-output-transform-array" count="832">

0.999140 0.033679 0.024193 -0.000000 -0.024654 0.951559 -0.306475 6.876100 -0.033343 0.305615 0.951571 0.125700 0.000000 0.000000 0.000000 1.000000
0.998720 0.029105 0.041376 0.000000 -0.014549 0.948613 -0.316103 6.876100 -0.048450 0.315097 0.947822 0.125700 0.000000 0.000000 0.000000 1.000000
0.997763 0.027179 0.061081 0.000000 -0.005970 0.946206 -0.323510 6.876100 -0.066588 0.322422 0.944251 0.125700 0.000000 0.000000 0.000000 1.000000
0.996624 0.024264 0.078431 -0.000000 0.002757 0.944897 -0.327357 6.876100 -0.082052 0.326468 0.941640 0.125700 0.000000 0.000000 0.000000 1.000000
0.996193 0.016642 0.085576 0.000000 0.012207 0.945313 -0.325936 6.876100 -0.086320 0.325740 0.941511 0.125700 0.000000 0.000000 0.000000 1.000000
0.996927 0.003697 0.078243 0.000000 0.021440 0.947864 -0.317953 6.876100 -0.075339 0.318654 0.944872 0.125700 0.000000 0.000000 0.000000 1.000000
0.998100 -0.010231 0.060767 -0.000000 0.028318 0.951984 -0.304835 6.876100 -0.054731 0.305977 0.950465 0.125700 0.000000 0.000000 0.000000 1.000000
0.998852 -0.020325 0.043379 0.000000 0.032140 0.955809 -0.292226 6.876100 -0.035523 0.293285 0.955365 0.125700 0.000000 0.000000 0.000000 1.000000
0.999183 -0.024415 0.032216 -0.000000 0.032623 0.957666 -0.286028 6.876100 -0.023869 0.286845 0.957680 0.125700 0.000000 0.000000 0.000000 1.000000
0.999320 -0.025776 0.026382 -0.000000 0.032249 0.957742 -0.285814 6.876100 -0.017900 0.286470 0.957922 0.125700 0.000000 0.000000 0.000000 1.000000
0.999298 -0.029424 0.023191 0.000000 0.034829 0.957684 -0.285706 6.876100 -0.013803 0.286313 0.958037 0.125700 0.000000 0.000000 0.000000 1.000000
0.999142 -0.035423 0.021453 0.000000 0.040032 0.958778 -0.281321 6.876100 -0.010603 0.281938 0.959374 0.125700 0.000000 0.000000 0.000000 1.000000
0.998943 -0.040406 0.021919 0.000000 0.044864 0.960855 -0.273395 6.876100 -0.010014 0.274089 0.961652 0.125700 0.000000 0.000000 0.000000 1.000000
0.998820 -0.042196 0.024056 0.000000 0.047073 0.963011 -0.265317 6.876100 -0.011971 0.266136 0.963861 0.125700 0.000000 0.000000 0.000000 1.000000
0.998774 -0.042137 0.025978 0.000000 0.047436 0.964728 -0.258940 6.876100 -0.014151 0.259855 0.965544 0.125700 0.000000 0.000000 0.000000 1.000000
0.998725 -0.042184 0.027738 -0.000000 0.047860 0.965975 -0.254167 6.876100 -0.016072 0.255170 0.966763 0.125700 0.000000 0.000000 0.000000 1.000000
0.998606 -0.042573 0.031206 0.000000 0.049057 0.966760 -0.250937 6.876100 -0.019486 0.252118 0.967500 0.125700 0.000000 0.000000 0.000000 1.000000
0.998399 -0.043227 0.036477 0.000000 0.050970 0.967188 -0.248896 6.876100 -0.024521 0.250357 0.967843 0.125700 0.000000 0.000000 0.000000 1.000000
0.998185 -0.043903 0.041210 0.000000 0.052741 0.967689 -0.246570 6.876100 -0.029053 0.248296 0.968248 0.125700 0.000000 0.000000 0.000000 1.000000
0.998084 -0.044050 0.043451 0.000000 0.053334 0.968498 -0.243241 6.876100 -0.031367 0.245093 0.968992 0.125700 0.000000 0.000000 0.000000 1.000000
0.998112 -0.043952 0.042908 -0.000000 0.053023 0.969164 -0.240645 6.876100 -0.031008 0.242465 0.969664 0.125700 0.000000 0.000000 0.000000 1.000000
0.998216 -0.043674 0.040712 -0.000000 0.052239 0.969040 -0.241315 6.876100 -0.028912 0.243012 0.969592 0.125700 0.000000 0.000000 0.000000 1.000000
0.998289 -0.042417 0.040247 0.000000 0.051034 0.968015 -0.245649 6.876100 -0.028540 0.247283 0.968523 0.125700 0.000000 0.000000 0.000000 1.000000
0.998208 -0.038667 0.045671 -0.000000 0.048948 0.966638 -0.251427 6.876100 -0.034426 0.253212 0.966798 0.125700 0.000000 0.000000 0.000000 1.000000
0.997840 -0.032277 0.057207 0.000000 0.045899 0.965651 -0.255758 6.876100 -0.046987 0.257831 0.965047 0.125700 0.000000 0.000000 0.000000 1.000000
0.997258 -0.024785 0.069725 -0.000000 0.041988 0.965399 -0.257377 6.876100 -0.060933 0.259599 0.963792 0.125700 0.000000 0.000000 0.000000 1.000000
0.996858 -0.017586 0.077232 0.000000 0.037024 0.965422 -0.258051 6.876100 -0.070023 0.260099 0.963040 0.125700 0.000000 0.000000 0.000000 1.000000
0.996854 -0.012386 0.078287 0.000000 0.032480 0.964809 -0.260938 6.876100 -0.072300 0.262660 0.962176 0.125700 0.000000 0.000000 0.000000 1.000000
0.997055 -0.009670 0.076080 0.000000 0.029707 0.963271 -0.266883 6.876100 -0.070705 0.268357 0.960721 0.125700 0.000000 0.000000 0.000000 1.000000
0.997114 -0.008555 0.075436 -0.000000 0.028940 0.961439 -0.273490 6.876100 -0.070187 0.274884 0.958912 0.125700 0.000000 0.000000 0.000000 1.000000
0.996900 -0.007407 0.078331 0.000000 0.028987 0.960109 -0.278119 6.876100 -0.073146 0.279527 0.957348 0.125700 0.000000 0.000000 0.000000 1.000000
0.996592 -0.005502 0.082306 0.000000 0.028439 0.959518 -0.280209 6.876100 -0.077432 0.281595 0.956404 0.125700 0.000000 0.000000 0.000000 1.000000
0.996595 -0.002322 0.082414 0.000000 0.025535 0.959144 -0.281764 6.876100 -0.078393 0.282909 0.955938 0.125700 0.000000 0.000000 0.000000 1.000000
0.997036 0.002354 0.076906 -0.000000 0.019833 0.957892 -0.286443 6.876100 -0.074342 0.287119 0.955006 0.125700 0.000000 0.000000 0.000000 1.000000
0.997468 0.008137 0.070649 0.000000 0.013161 0.955149 -0.295833 6.876100 -0.069887 0.296014 0.952623 0.125700 0.000000 0.000000 0.000000 1.000000
0.997469 0.014605 0.069588 0.000000 0.007366 0.952187 -0.305428 6.876100 -0.070722 0.305167 0.949669 0.125700 0.000000 0.000000 0.000000 1.000000
0.997101 0.020414 0.073302 0.000000 0.003065 0.951785 -0.306750 6.876100 -0.076029 0.306086 0.948963 0.125700 0.000000 0.000000 0.000000 1.000000
0.996821 0.023978 0.075975 -0.000000 -0.000416 0.955188 -0.295999 6.876100 -0.079667 0.295027 0.952162 0.125700 0.000000 0.000000 0.000000 1.000000
0.996950 0.025779 0.073662 0.000000 -0.004180 0.960155 -0.279438 6.876100 -0.077931 0.278278 0.957334 0.125700 0.000000 0.000000 0.000000 1.000000
0.997275 0.028161 0.068184 -0.000000 -0.008946 0.963614 -0.267147 6.876100 -0.073226 0.265809 0.961241 0.125700 0.000000 0.000000 0.000000 1.000000
0.997508 0.031481 0.063136 -0.000000 -0.013855 0.964906 -0.262229 6.876100 -0.069176 0.260701 0.962938 0.125700 0.000000 0.000000 0.000000 1.000000
0.997693 0.034630 0.058395 0.000000 -0.018262 0.965315 -0.260449 6.876100 -0.065389 0.258781 0.963720 0.125700 0.000000 0.000000 0.000000 1.000000
0.997944 0.037660 0.051858 0.000000 -0.023015 0.965751 -0.258449 6.876100 -0.059815 0.256725 0.964632 0.125700 0.000000 0.000000 0.000000 1.000000
0.998151 0.041982 0.043962 -0.000000 -0.029272 0.965790 -0.257670 6.876100 -0.053276 0.255906 0.965232 0.125700 0.000000 0.000000 0.000000 1.000000
0.998153 0.048059 0.037157 0.000000 -0.036736 0.964672 -0.260880 6.876100 -0.048382 0.259033 0.964656 0.125700 0.000000 0.000000 0.000000 1.000000
0.998059 0.053476 0.031925 0.000000 -0.042995 0.962456 -0.268012 6.876100 -0.045059 0.266119 0.962887 0.125700 0.000000 0.000000 0.000000 1.000000
0.998132 0.055343 0.025859 -0.000000 -0.046075 0.960008 -0.276155 6.876100 -0.040108 0.274448 0.960765 0.125700 0.000000 0.000000 0.000000 1.000000
0.998405 0.053618 0.017700 -0.000000 -0.046456 0.958219 -0.282236 6.876100 -0.032094 0.280964 0.959182 0.125700 0.000000 0.000000 0.000000 1.000000
0.998668 0.050534 0.010422 0.000000 -0.045461 0.957300 -0.285500 6.876100 -0.024404 0.284646 0.958322 0.125700 0.000000 0.000000 0.000000 1.000000
0.998863 0.046848 0.008840 0.000000 -0.042312 0.956577 -0.288391 6.876100 -0.021967 0.287689 0.957472 0.125700 0.000000 0.000000 0.000000 1.000000
0.999045 0.041210 0.014535 -0.000000 -0.035105 0.954966 -0.294631 6.876100 -0.026023 0.293839 0.955501 0.125700 0.000000 0.000000 0.000000 1.000000
0.999140 0.033679 0.024193 0.000000 -0.024654 0.951559 -0.306475 6.876100 -0.033343 0.305615 0.951571 0.125700 0.000000 0.000000 0.000000 1.000000</float_array>
        <technique_common>
          <accessor source="#mixamorig_Spine-Matrix-animation-output-transform-array" count="52" stride="16">
            <param type="float4x4"/>
          </accessor>
        </technique_common>
      </source>
      <source id="mixamorig_Spine-Interpolations">
        <Name_array id="mixamorig_Spine-Interpolations-array" count="52">
 LINEAR LINEAR LINEAR LINEAR LINEAR LINEAR LINEAR LINEAR LINEAR LINEAR LINEAR
LINEAR LINEAR LINEAR LINEAR LINEAR LINEAR LINEAR LINEAR LINEAR LINEAR LINEAR LINEAR
LINEAR LINEAR LINEAR LINEAR LINEAR LINEAR LINEAR LINEAR LINEAR LINEAR LINEAR LINEAR
LINEAR LINEAR LINEAR LINEAR LINEAR LINEAR LINEAR LINEAR LINEAR LINEAR LINEAR LINEAR
LINEAR LINEAR LINEAR LINEAR LINEAR</Name_array>
        <technique_common>
          <accessor source="#mixamorig_Spine-Interpolations-array" count="52">
            <param type="name"/>
          </accessor>
        </technique_common>
      </source>
      <sampler id="mixamorig_Spine-Matrix-animation-transform">
        <input semantic="INPUT" source="#mixamorig_Spine-Matrix-animation-input"/>
        <input semantic="OUTPUT" source="#mixamorig_Spine-Matrix-animation-output-transform"/>
        <input semantic="INTERPOLATION" source="#mixamorig_Spine-Interpolations"/>
      </sampler>
      <channel source="#mixamorig_Spine-Matrix-animation-transform" target="mixamorig_Spine/matrix"/>
    </animation>
    <animation id="mixamorig_Spine1-anim" name="mixamorig_Spine1">
      <source id="mixamorig_Spine1-Matrix-animation-input">
        <float_array id="mixamorig_Spine1-Matrix-animation-input-array" count="52">

0.000000 0.033333 0.066667 0.100000 0.133333 0.166667 0.200000 0.233333 0.266667 0.300000 0.333333 0.366667 0.400000 0.433333 0.466667 0.500000
0.533333 0.566667 0.600000 0.633333 0.666667 0.700000 0.733333 0.766667 0.800000 0.833333 0.866667 0.900000 0.933333 0.966667 1.000000 1.033333
1.066667 1.100000 1.133333 1.166667 1.200000 1.233333 1.266667 1.300000 1.333333 1.366667 1.400000 1.433333 1.466667 1.500000 1.533333 1.566667
1.600000 1.633333 1.666667 1.700000</float_array>
        <technique_common>
          <accessor source="#mixamorig_Spine1-Matrix-animation-input-array" count="52">
            <param name="TIME" type="float"/>
          </accessor>
        </technique_common>
      </source>
      <source id="mixamorig_Spine1-Matrix-animation-output-transform">
        <float_array id="mixamorig_Spine1-Matrix-animation-output-transform-array" count="832">

0.999970 0.005466 0.005572 0.000000 -0.005303 0.999572 -0.028767 8.023400 -0.005726 0.028736 0.999571 0.000000 0.000000 0.000000 0.000000 1.000000
0.999911 0.009931 0.008956 -0.000000 -0.009671 0.999545 -0.028571 8.023400 -0.009236 0.028481 0.999552 0.000000 0.000000 0.000000 0.000000 1.000000
0.999815 0.014254 0.012911 -0.000000 -0.013890 0.999514 -0.027911 8.023400 -0.013303 0.027726 0.999527 0.000000 0.000000 0.000000 0.000000 1.000000
0.999712 0.017549 0.016381 -0.000000 -0.017105 0.999492 -0.026897 8.023400 -0.016844 0.026609 0.999504 0.000000 0.000000 0.000000 0.000000 1.000000
0.999674 0.018512 0.017582 0.000000 -0.018051 0.999498 -0.026029 8.023400 -0.018055 0.025703 0.999507 0.000000 0.000000 0.000000 0.000000 1.000000
0.999742 0.016657 0.015457 0.000000 -0.016259 0.999543 -0.025497 8.023400 -0.015875 0.025239 0.999555 -0.000000 0.000000 0.000000 0.000000 1.000000
0.999854 0.013010 0.011121 0.000000 -0.012730 0.999611 -0.024832 8.023400 -0.011440 0.024687 0.999630 0.000000 0.000000 0.000000 0.000000 1.000000
0.999933 0.009228 0.006966 0.000000 -0.009060 0.999679 -0.023664 8.023400 -0.007183 0.023599 0.999696 -0.000000 0.000000 0.000000 0.000000 1.000000
0.999969 0.006566 0.004433 -0.000000 -0.006466 0.999729 -0.022347 8.023400 -0.004579 0.022317 0.999740 0.000000 0.000000 0.000000 0.000000 1.000000
0.999979 0.005623 0.003271 -0.000000 -0.005551 0.999756 -0.021400 8.023400 -0.003390 0.021382 0.999766 0.000000 0.000000 0.000000 0.000000 1.000000
0.999978 0.006131 0.002662 0.000000 -0.006074 0.999763 -0.020884 8.023400 -0.002789 0.020867 0.999778 0.000000 0.000000 0.000000 0.000000 1.000000
0.999972 0.007075 0.002333 -0.000000 -0.007026 0.999764 -0.020554 8.023400 -0.002478 0.020537 0.999786 0.000000 0.000000 0.000000 0.000000 1.000000
0.999968 0.007620 0.002452 -0.000000 -0.007570 0.999770 -0.020069 8.023400 -0.002604 0.020050 0.999796 0.000000 0.000000 0.000000 0.000000 1.000000
0.999966 0.007740 0.002942 0.000000 -0.007682 0.999785 -0.019260 8.023400 -0.003090 0.019237 0.999810 0.000000 0.000000 0.000000 0.000000 1.000000
0.999963 0.007825 0.003433 -0.000000 -0.007761 0.999800 -0.018430 8.023400 -0.003576 0.018403 0.999824 0.000000 0.000000 0.000000 0.000000 1.000000
0.999959 0.008169 0.003909 0.000000 -0.008097 0.999806 -0.017963 8.023400 -0.004054 0.017930 0.999831 0.000000 0.000000 0.000000 0.000000 1.000000
0.999949 0.008874 0.004731 0.000000 -0.008789 0.999803 -0.017771 8.023400 -0.004888 0.017729 0.999831 0.000000 0.000000 0.000000 0.000000 1.000000
0.999934 0.009867 0.005908 0.000000 -0.009762 0.999800 -0.017477 8.023400 -0.006079 0.017419 0.999830 0.000000 0.000000 0.000000 0.000000 1.000000
0.999916 0.010954 0.006978 -0.000000 -0.010834 0.999797 -0.016992 8.023400 -0.007163 0.016915 0.999831 0.000000 0.000000 0.000000 0.000000 1.000000
0.999899 0.012002 0.007571 -0.000000 -0.011874 0.999790 -0.016722 8.023400 -0.007770 0.016630 0.999832 0.000000 0.000000 0.000000 0.000000 1.000000
0.999887 0.012954 0.007616 0.000000 -0.012822 0.999770 -0.017163 8.023400 -0.007836 0.017063 0.999824 0.000000 0.000000 0.000000 0.000000 1.000000
0.999879 0.013752 0.007336 -0.000000 -0.013615 0.999738 -0.018412 8.023400 -0.007587 0.018310 0.999804 -0.000000 0.000000 0.000000 0.000000 1.000000
0.999870 0.014345 0.007402 -0.000000 -0.014194 0.999698 -0.020042 8.023400 -0.007687 0.019934 0.999772 0.000000 0.000000 0.000000 0.000000 1.000000
0.999855 0.014671 0.008626 0.000000 -0.014484 0.999667 -0.021345 8.023400 -0.008937 0.021217 0.999735 -0.000000 0.000000 0.000000 0.000000 1.000000
0.999831 0.014735 0.011035 0.000000 -0.014491 0.999655 -0.021922 8.023400 -0.011354 0.021759 0.999699 0.000000 0.000000 0.000000 0.000000 1.000000
0.999800 0.014677 0.013620 0.000000 -0.014374 0.999653 -0.022078 8.023400 -0.013939 0.021878 0.999663 0.000000 0.000000 0.000000 0.000000 1.000000
0.999779 0.014464 0.015276 0.000000 -0.014120 0.999649 -0.022438 8.023400 -0.015596 0.022217 0.999632 0.000000 0.000000 0.000000 0.000000 1.000000
0.999782 0.013762 0.015708 0.000000 -0.013397 0.999642 -0.023142 8.023400 -0.016021 0.022927 0.999609 -0.000000 0.000000 0.000000 0.000000 1.000000
0.999804 0.012335 0.015468 0.000000 -0.011966 0.999646 -0.023749 8.023400 -0.015756 0.023559 0.999598 -0.000000 0.000000 0.000000 0.000000 1.000000
0.999826 0.010436 0.015431 0.000000 -0.010064 0.999661 -0.024002 8.023400 -0.015677 0.023842 0.999593 0.000000 0.000000 0.000000 0.000000 1.000000
0.999834 0.008625 0.016064 0.000000 -0.008235 0.999675 -0.024143 8.023400 -0.016267 0.024007 0.999579 0.000000 0.000000 0.000000 0.000000 1.000000
0.999830 0.007251 0.016950 -0.000000 -0.006835 0.999678 -0.024456 8.023400 -0.017122 0.024336 0.999557 0.000000 0.000000 0.000000 0.000000 1.000000
0.999834 0.006152 0.017151 0.000000 -0.005723 0.999673 -0.024931 8.023400 -0.017298 0.024829 0.999542 0.000000 0.000000 0.000000 0.000000 1.000000
0.999855 0.004948 0.016287 -0.000000 -0.004532 0.999664 -0.025504 8.023400 -0.016407 0.025426 0.999542 0.000000 0.000000 0.000000 0.000000 1.000000
0.999877 0.003743 0.015207 0.000000 -0.003342 0.999649 -0.026286 8.023400 -0.015300 0.026232 0.999539 -0.000000 0.000000 0.000000 0.000000 1.000000
0.999881 0.003185 0.015116 0.000000 -0.002775 0.999630 -0.027062 8.023400 -0.015196 0.027017 0.999519 -0.000000 0.000000 0.000000 0.000000 1.000000
0.999865 0.003570 0.016014 0.000000 -0.003136 0.999630 -0.027021 8.023400 -0.016105 0.026967 0.999507 -0.000000 0.000000 0.000000 0.000000 1.000000
0.999852 0.004300 0.016667 -0.000000 -0.003869 0.999659 -0.025822 8.023400 -0.016773 0.025753 0.999528 0.000000 0.000000 0.000000 0.000000 1.000000
0.999859 0.004424 0.016206 -0.000000 -0.004029 0.999695 -0.024363 8.023400 -0.016308 0.024295 0.999572 -0.000000 0.000000 0.000000 0.000000 1.000000
0.999881 0.003489 0.015028 -0.000000 -0.003132 0.999713 -0.023759 8.023400 -0.015107 0.023709 0.999605 -0.000000 0.000000 0.000000 0.000000 1.000000
0.999902 0.001880 0.013898 0.000000 -0.001546 0.999710 -0.024018 8.023400 -0.013940 0.023995 0.999615 0.000000 0.000000 0.000000 0.000000 1.000000
0.999917 0.000325 0.012848 0.000000 -0.000012 0.999703 -0.024361 8.023400 -0.012852 0.024359 0.999621 0.000000 0.000000 0.000000 0.000000 1.000000
0.999934 -0.000850 0.011476 0.000000 0.001131 0.999700 -0.024475 8.023400 -0.011452 0.024486 0.999635 0.000000 0.000000 0.000000 0.000000 1.000000
0.999950 -0.001826 0.009877 0.000000 0.002071 0.999688 -0.024887 8.023400 -0.009828 0.024906 0.999641 -0.000000 0.000000 0.000000 0.000000 1.000000
0.999960 -0.002788 0.008555 -0.000000 0.003011 0.999652 -0.026204 8.023400 -0.008479 0.026229 0.999620 -0.000000 0.000000 0.000000 0.000000 1.000000
0.999965 -0.003609 0.007565 0.000000 0.003821 0.999594 -0.028230 8.023400 -0.007460 0.028258 0.999573 0.000000 0.000000 0.000000 0.000000 1.000000
0.999972 -0.004031 0.006368 -0.000000 0.004220 0.999542 -0.029971 8.023400 -0.006244 0.029997 0.999530 0.000000 0.000000 0.000000 0.000000 1.000000
0.999982 -0.003790 0.004711 -0.000000 0.003932 0.999524 -0.030592 8.023400 -0.004593 0.030610 0.999521 0.000000 0.000000 0.000000 0.000000 1.000000
0.999992 -0.002562 0.003230 -0.000000 0.002658 0.999541 -0.030167 8.023400 -0.003152 0.030175 0.999540 -0.000000 0.000000 0.000000 0.000000 1.000000
0.999996 -0.000250 0.002877 -0.000000 0.000335 0.999567 -0.029410 8.023400 -0.002869 0.029411 0.999563 -0.000000 0.000000 0.000000 0.000000 1.000000
0.999989 0.002695 0.003875 -0.000000 -0.002581 0.999579 -0.028901 8.023400 -0.003951 0.028891 0.999575 0.000000 0.000000 0.000000 0.000000 1.000000
0.999970 0.005466 0.005572 0.000000 -0.005303 0.999572 -0.028767 8.023400 -0.005726 0.028736 0.999571 0.000000 0.000000 0.000000 0.000000 1.000000</float_array>
        <technique_common>
          <accessor source="#mixamorig_Spine1-Matrix-animation-output-transform-array" count="52" stride="16">
            <param type="float4x4"/>
          </accessor>
        </technique_common>
      </source>
      <source id="mixamorig_Spine1-Interpolations">
        <Name_array id="mixamorig_Spine1-Interpolations-array" count="52">
 LINEAR LINEAR LINEAR LINEAR LINEAR LINEAR LINEAR LINEAR LINEAR LINEAR LINEAR
LINEAR LINEAR LINEAR LINEAR LINEAR LINEAR LINEAR LINEAR LINEAR LINEAR LINEAR LINEAR
LINEAR LINEAR LINEAR LINEAR LINEAR LINEAR LINEAR LINEAR LINEAR LINEAR LINEAR LINEAR
LINEAR LINEAR LINEAR LINEAR LINEAR LINEAR LINEAR LINEAR LINEAR LINEAR LINEAR LINEAR
LINEAR LINEAR LINEAR LINEAR LINEAR</Name_array>
        <technique_common>
          <accessor source="#mixamorig_Spine1-Interpolations-array" count="52">
            <param type="name"/>
          </accessor>
        </technique_common>
      </source>
      <sampler id="mixamorig_Spine1-Matrix-animation-transform">
        <input semantic="INPUT" source="#mixamorig_Spine1-Matrix-animation-input"/>
        <input semantic="OUTPUT" source="#mixamorig_Spine1-Matrix-animation-output-transform"/>
        <input semantic="INTERPOLATION" source="#mixamorig_Spine1-Interpolations"/>
      </sampler>
      <channel source="#mixamorig_Spine1-Matrix-animation-transform" target="mixamorig_Spine1/matrix"/>
    </animation>
    <animation id="mixamorig_Spine2-anim" name="mixamorig_Spine2">
      <source id="mixamorig_Spine2-Matrix-animation-input">
        <float_array id="mixamorig_Spine2-Matrix-animation-input-array" count="52">

0.000000 0.033333 0.066667 0.100000 0.133333 0.166667 0.200000 0.233333 0.266667 0.300000 0.333333 0.366667 0.400000 0.433333 0.466667 0.500000
0.533333 0.566667 0.600000 0.633333 0.666667 0.700000 0.733333 0.766667 0.800000 0.833333 0.866667 0.900000 0.933333 0.966667 1.000000 1.033333
1.066667 1.100000 1.133333 1.166667 1.200000 1.233333 1.266667 1.300000 1.333333 1.366667 1.400000 1.433333 1.466667 1.500000 1.533333 1.566667
1.600000 1.633333 1.666667 1.700000</float_array>
        <technique_common>
          <accessor source="#mixamorig_Spine2-Matrix-animation-input-array" count="52">
            <param name="TIME" type="float"/>
          </accessor>
        </technique_common>
      </source>
      <source id="mixamorig_Spine2-Matrix-animation-output-transform">
        <float_array id="mixamorig_Spine2-Matrix-animation-output-transform-array" count="832">

0.999969 0.005576 0.005505 -0.000000 -0.005416 0.999572 -0.028761 9.169600 -0.005663 0.028731 0.999571 0.000000 0.000000 0.000000 0.000000 1.000000
0.999911 0.010117 0.008726 0.000000 -0.009864 0.999543 -0.028591 9.169600 -0.009011 0.028503 0.999553 0.000000 0.000000 0.000000 0.000000 1.000000
0.999816 0.014539 0.012520 0.000000 -0.014184 0.999508 -0.027982 9.169600 -0.012921 0.027799 0.999530 -0.000000 0.000000 0.000000 0.000000 1.000000
0.999714 0.017924 0.015859 0.000000 -0.017491 0.999482 -0.027029 9.169600 -0.016336 0.026744 0.999509 0.000000 0.000000 0.000000 0.000000 1.000000
0.999676 0.018917 0.017006 -0.000000 -0.018468 0.999486 -0.026198 9.169600 -0.017493 0.025875 0.999512 0.000000 0.000000 0.000000 0.000000 1.000000
0.999744 0.017005 0.014924 0.000000 -0.016618 0.999533 -0.025651 9.169600 -0.015353 0.025397 0.999560 0.000000 0.000000 0.000000 0.000000 1.000000
0.999855 0.013247 0.010696 -0.000000 -0.012977 0.999605 -0.024935 9.169600 -0.011022 0.024792 0.999632 0.000000 0.000000 0.000000 0.000000 1.000000
0.999934 0.009366 0.006658 -0.000000 -0.009206 0.999676 -0.023716 9.169600 -0.006878 0.023654 0.999697 -0.000000 0.000000 0.000000 0.000000 1.000000
0.999969 0.006652 0.004205 0.000000 -0.006557 0.999728 -0.022373 9.169600 -0.004353 0.022344 0.999741 0.000000 0.000000 0.000000 0.000000 1.000000
0.999979 0.005688 0.003068 -0.000000 -0.005621 0.999755 -0.021418 9.169600 -0.003189 0.021401 0.999766 0.000000 0.000000 0.000000 0.000000 1.000000
0.999978 0.006185 0.002439 0.000000 -0.006133 0.999763 -0.020901 9.169600 -0.002568 0.020886 0.999779 0.000000 0.000000 0.000000 0.000000 1.000000
0.999972 0.007121 0.002076 0.000000 -0.007076 0.999763 -0.020572 9.169600 -0.002222 0.020557 0.999786 -0.000000 0.000000 0.000000 0.000000 1.000000
0.999968 0.007665 0.002177 0.000000 -0.007620 0.999769 -0.020090 9.169600 -0.002331 0.020073 0.999796 0.000000 0.000000 0.000000 0.000000 1.000000
0.999966 0.007794 0.002669 -0.000000 -0.007741 0.999784 -0.019286 9.169600 -0.002818 0.019265 0.999810 0.000000 0.000000 0.000000 0.000000 1.000000
0.999964 0.007888 0.003165 0.000000 -0.007828 0.999799 -0.018461 9.169600 -0.003310 0.018436 0.999825 0.000000 0.000000 0.000000 0.000000 1.000000
0.999959 0.008239 0.003636 0.000000 -0.008172 0.999805 -0.018000 9.169600 -0.003783 0.017969 0.999831 0.000000 0.000000 0.000000 0.000000 1.000000
0.999950 0.008958 0.004441 -0.000000 -0.008878 0.999802 -0.017819 9.169600 -0.004600 0.017779 0.999831 -0.000000 0.000000 0.000000 0.000000 1.000000
0.999935 0.009972 0.005593 -0.000000 -0.009872 0.999797 -0.017543 9.169600 -0.005767 0.017486 0.999830 -0.000000 0.000000 0.000000 0.000000 1.000000
0.999917 0.011078 0.006639 0.000000 -0.010964 0.999794 -0.017075 9.169600 -0.006827 0.017001 0.999832 0.000000 0.000000 0.000000 0.000000 1.000000
0.999900 0.012136 0.007210 0.000000 -0.012013 0.999786 -0.016818 9.169600 -0.007412 0.016729 0.999833 0.000000 0.000000 0.000000 0.000000 1.000000
0.999888 0.013084 0.007235 -0.000000 -0.012958 0.999767 -0.017263 9.169600 -0.007459 0.017167 0.999825 0.000000 0.000000 0.000000 0.000000 1.000000
0.999880 0.013872 0.006932 -0.000000 -0.013741 0.999734 -0.018510 9.169600 -0.007187 0.018413 0.999805 0.000000 0.000000 0.000000 0.000000 1.000000
0.999871 0.014463 0.006974 -0.000000 -0.014320 0.999695 -0.020141 9.169600 -0.007264 0.020039 0.999773 -0.000000 0.000000 0.000000 0.000000 1.000000
0.999857 0.014809 0.008182 0.000000 -0.014630 0.999663 -0.021461 9.169600 -0.008497 0.021338 0.999736 0.000000 0.000000 0.000000 0.000000 1.000000
0.999833 0.014916 0.010586 -0.000000 -0.014680 0.999649 -0.022067 9.169600 -0.010912 0.021908 0.999700 0.000000 0.000000 0.000000 0.000000 1.000000
0.999802 0.014903 0.013177 0.000000 -0.014607 0.999646 -0.022249 9.169600 -0.013504 0.022052 0.999666 0.000000 0.000000 0.000000 0.000000 1.000000
0.999782 0.014716 0.014845 0.000000 -0.014378 0.999641 -0.022622 9.169600 -0.015172 0.022404 0.999634 0.000000 0.000000 0.000000 0.000000 1.000000
0.999785 0.014021 0.015294 0.000000 -0.013662 0.999635 -0.023321 9.169600 -0.015615 0.023107 0.999611 0.000000 0.000000 0.000000 0.000000 1.000000
0.999807 0.012596 0.015085 -0.000000 -0.012233 0.999639 -0.023910 9.169600 -0.015381 0.023721 0.999600 -0.000000 0.000000 0.000000 0.000000 1.000000
0.999829 0.010708 0.015093 0.000000 -0.010342 0.999655 -0.024143 9.169600 -0.015346 0.023983 0.999595 0.000000 0.000000 0.000000 0.000000 1.000000
0.999836 0.008917 0.015771 -0.000000 -0.008532 0.999669 -0.024274 9.169600 -0.015982 0.024136 0.999581 0.000000 0.000000 0.000000 0.000000 1.000000
0.999832 0.007560 0.016695 0.000000 -0.007148 0.999672 -0.024582 9.169600 -0.016876 0.024459 0.999558 0.000000 0.000000 0.000000 0.000000 1.000000
0.999836 0.006463 0.016932 -0.000000 -0.006038 0.999668 -0.025046 9.169600 -0.017088 0.024939 0.999543 -0.000000 0.000000 0.000000 0.000000 1.000000
0.999856 0.005247 0.016111 0.000000 -0.004834 0.999661 -0.025593 9.169600 -0.016239 0.025512 0.999543 -0.000000 0.000000 0.000000 0.000000 1.000000
0.999878 0.004035 0.015074 -0.000000 -0.003637 0.999646 -0.026345 9.169600 -0.015175 0.026287 0.999539 0.000000 0.000000 0.000000 0.000000 1.000000
0.999881 0.003492 0.015008 -0.000000 -0.003084 0.999628 -0.027103 9.169600 -0.015097 0.027053 0.999520 0.000000 0.000000 0.000000 0.000000 1.000000
0.999866 0.003900 0.015908 0.000000 -0.003468 0.999628 -0.027066 9.169600 -0.016008 0.027007 0.999507 -0.000000 0.000000 0.000000 0.000000 1.000000
0.999852 0.004630 0.016562 -0.000000 -0.004200 0.999656 -0.025878 9.169600 -0.016677 0.025804 0.999528 0.000000 0.000000 0.000000 0.000000 1.000000
0.999859 0.004718 0.016125 0.000000 -0.004323 0.999692 -0.024418 9.169600 -0.016235 0.024344 0.999572 -0.000000 0.000000 0.000000 0.000000 1.000000
0.999881 0.003734 0.014998 0.000000 -0.003377 0.999711 -0.023792 9.169600 -0.015083 0.023738 0.999604 0.000000 0.000000 0.000000 0.000000 1.000000
0.999901 0.002087 0.013930 -0.000000 -0.001752 0.999710 -0.024017 9.169600 -0.013977 0.023990 0.999614 0.000000 0.000000 0.000000 0.000000 1.000000
0.999916 0.000504 0.012935 0.000000 -0.000190 0.999704 -0.024329 9.169600 -0.012943 0.024325 0.999620 0.000000 0.000000 0.000000 0.000000 1.000000
0.999932 -0.000702 0.011608 0.000000 0.000985 0.999701 -0.024415 9.169600 -0.011588 0.024425 0.999635 0.000000 0.000000 0.000000 0.000000 1.000000
0.999948 -0.001713 0.010051 0.000000 0.001962 0.999691 -0.024796 9.169600 -0.010005 0.024815 0.999642 -0.000000 0.000000 0.000000 0.000000 1.000000
0.999958 -0.002704 0.008769 0.000000 0.002932 0.999655 -0.026083 9.169600 -0.008696 0.026107 0.999621 -0.000000 0.000000 0.000000 0.000000 1.000000
0.999963 -0.003547 0.007811 -0.000000 0.003765 0.999599 -0.028083 9.169600 -0.007709 0.028111 0.999575 -0.000000 0.000000 0.000000 0.000000 1.000000
0.999970 -0.003989 0.006632 -0.000000 0.004185 0.999547 -0.029808 9.169600 -0.006510 0.029835 0.999534 0.000000 0.000000 0.000000 0.000000 1.000000
0.999981 -0.003771 0.004971 0.000000 0.003921 0.999529 -0.030422 9.169600 -0.004854 0.030441 0.999525 0.000000 0.000000 0.000000 0.000000 1.000000
0.999991 -0.002561 0.003456 -0.000000 0.002664 0.999546 -0.030004 9.169600 -0.003378 0.030013 0.999544 0.000000 0.000000 0.000000 0.000000 1.000000
0.999995 -0.000244 0.003032 0.000000 0.000332 0.999571 -0.029278 9.169600 -0.003023 0.029279 0.999567 0.000000 0.000000 0.000000 0.000000 1.000000
0.999989 0.002740 0.003926 0.000000 -0.002625 0.999581 -0.028826 9.169600 -0.004003 0.028815 0.999577 -0.000000 0.000000 0.000000 0.000000 1.000000
0.999969 0.005576 0.005505 0.000000 -0.005416 0.999572 -0.028761 9.169600 -0.005663 0.028731 0.999571 -0.000000 0.000000 0.000000 0.000000 1.000000</float_array>
        <technique_common>
